15820123
17046805
17523402
18098961
18156701
28832226
33923443
65963388
67075520
67255519
81195270
81305054
94564297
99151558
99237002
111062537
128574191
134182720
136985102
138166193
144302122
165485615
183595639
185282075
226501989
230997159
264062356
278421173
308124724
329012958
351028549
351927492
401624101
439536047
445734967
524278577
547944884
559560249
581946505
607270819
903542654
917375970
1227647154
1308472686
1470662066
2213941549
2522271991
2883724355
3315203228
4055760082
4583232150
741321834059030528
844841243959967744
850022661245874176
912745177042780160
937692748899078146
948478714190417920
956984602245156864
998754576231796737
1050914972761579520
1109887240279388160
1124083895073476613
1132115052901871616
1142695654923407360
1180518111927246853
1183068542305882113
1208984205885132800
1222652601063432195
1223292642185940992
1224086369133309954
1243415425385299968
1246141279618191365
1247384576013611010
1256863742513623040
1274264537374416896
1334441538030608387
1342126918913691660
1343944265324523522
1394939881089081347
1402038013715095552
1519787017118306304
1535702884490297344
1583716009332322304
