28147896
67977089
107868020
110512561
116848461
126652520
134182720
229021888
344742453
361885274
400882913
455182244
1066151600
1101219686
1381838484
1485659666
2311384392
2806444858
2966078363
3027841534
3144636423
4244310412
4871062810
708314459584987136
742778939219845120
764404389188599808
844379923510833152
850248274497871873
956159811409862656
1004628261387816962
1058791936373522437
1066041701322682374
1077311485758656513
1099243125145563136
1155360836568961024
1341337856535650305
1346885628345135105
1372887446669647875
1399409340935815170
1425425521626734605
1475190121129467904
1476564123911659524
